  0.0 15.0 35.0 60.0
 3.2000 3.2000 3.2000 3.2000 3.2000 3.2000 3.2000 3.2000 3.2000 3.2000 3.2000 3.2000 3.2000 3.2000 3.2000 3.2000
 3.2000 3.1949 3.1770 3.1541 3.1749 3.2019 3.2274 3.2290 3.2392 3.2184 3.1998 3.1805 3.1819 3.1807 3.1922 3.2000
 3.2000 3.1746 3.0572 2.9589 2.9921 3.1368 3.3253 3.4209 3.4311 3.3104 3.1332 2.9796 2.9625 3.0626 3.1794 3.2000
 3.2000 3.1907 3.0561 2.9203 2.9412 3.1000 3.3442 3.4938 3.4858 3.3253 3.0897 2.9256 2.9216 3.0541 3.1894 3.2000
 3.2000 3.1843 3.0698 2.9414 2.9810 3.1304 3.3332 3.4494 3.4427 3.3232 3.1216 2.9735 2.9485 3.0747 3.2045 3.2000
 3.2000 3.1686 3.0580 2.9218 2.9540 3.1120 3.3451 3.4618 3.4623 3.3355 3.1023 2.9435 2.9222 3.0483 3.1989 3.2000
 3.2000 3.1939 3.0579 2.9200 2.9591 3.1050 3.3521 3.4702 3.4700 3.3391 3.0983 2.9518 2.9321 3.0341 3.1945 3.2000
 3.2000 3.1745 3.0564 2.9168 2.9569 3.1015 3.3547 3.4717 3.4679 3.3434 3.0944 2.9412 2.9220 3.0419 3.2010 3.2000
 3.2000 3.1822 3.0572 2.9173 2.9554 3.1010 3.3546 3.4715 3.4681 3.3462 3.0928 2.9424 2.9261 3.0452 3.2013 3.2000
 3.2000 3.2023 3.0513 2.9197 2.9603 3.1057 3.3526 3.4716 3.4664 3.3413 3.0968 2.9531 2.9312 3.0270 3.1942 3.2000
 3.2000 3.2051 3.0458 2.9185 2.9557 3.1128 3.3444 3.4633 3.4583 3.3366 3.1029 2.9445 2.9293 3.0452 3.1989 3.2000
 3.2000 3.1981 3.0605 2.9426 2.9804 3.1296 3.3324 3.4506 3.4428 3.3182 3.1241 2.9732 2.9511 3.0627 3.1998 3.2000
 3.2000 3.1873 3.0529 2.9225 2.9430 3.0993 3.3431 3.4956 3.4868 3.3185 3.0954 2.9251 2.9221 3.0583 3.1923 3.2000
 3.2000 3.1738 3.0572 2.9596 2.9936 3.1367 3.3243 3.4238 3.4327 3.3038 3.1343 2.9802 2.9599 3.0710 3.1834 3.2000
 3.2000 3.1950 3.1765 3.1532 3.1742 3.2013 3.2268 3.2288 3.2397 3.2175 3.2005 3.1812 3.1808 3.1807 3.1928 3.2000
 3.2000 3.2000 3.2000 3.2000 3.2000 3.2000 3.2000 3.2000 3.2000 3.2000 3.2000 3.2000 3.2000 3.2000 3.2000 3.2000
 3.5000 3.5000 3.5000 3.5000 3.5000 3.5000 3.5000 3.5000 3.5000 3.5000 3.5000 3.5000 3.5000 3.5000 3.5000 3.5000
 3.5000 3.4919 3.4257 3.3655 3.4079 3.4896 3.5759 3.6022 3.6196 3.5588 3.4858 3.4162 3.4091 3.4338 3.4906 3.5000
 3.5000 3.4284 3.2997 3.1820 3.2232 3.4119 3.6519 3.8000 3.8039 3.6386 3.3998 3.2134 3.1905 3.3093 3.4444 3.5000
 3.5000 3.4576 3.2740 3.1103 3.1460 3.3749 3.6840 3.8850 3.8780 3.6648 3.3588 3.1340 3.1136 3.2789 3.4650 3.5000
 3.5000 3.4346 3.2827 3.1219 3.1630 3.3847 3.6774 3.8653 3.8581 3.6625 3.3701 3.1545 3.1315 3.3033 3.5037 3.5000
 3.5000 3.4081 3.2819 3.1248 3.1661 3.3813 3.6748 3.8617 3.8570 3.6614 3.3670 3.1562 3.1311 3.2918 3.4954 3.5000
 3.5000 3.4660 3.2903 3.1294 3.1771 3.3855 3.6740 3.8540 3.8488 3.6582 3.3723 3.1675 3.1383 3.2850 3.4882 3.5000
 3.5000 3.4098 3.2829 3.1270 3.1762 3.3857 3.6743 3.8500 3.8428 3.6589 3.3721 3.1619 3.1370 3.2968 3.5055 3.5000
 3.5000 3.4123 3.2830 3.1268 3.1745 3.3851 3.6744 3.8505 3.8428 3.6613 3.3736 3.1664 3.1433 3.3004 3.5087 3.5000
 3.5000 3.4776 3.2863 3.1279 3.1760 3.3854 3.6745 3.8559 3.8471 3.6602 3.3742 3.1724 3.1440 3.2846 3.4859 3.5000
 3.5000 3.4960 3.2826 3.1216 3.1650 3.3809 3.6745 3.8633 3.8549 3.6604 3.3669 3.1572 3.1360 3.2907 3.4921 3.5000
 3.5000 3.4813 3.2815 3.1212 3.1615 3.3836 3.6773 3.8676 3.8582 3.6581 3.3716 3.1545 3.1320 3.2927 3.4936 3.5000
 3.5000 3.4538 3.2710 3.1114 3.1469 3.3745 3.6843 3.8879 3.8790 3.6585 3.3616 3.1337 3.1135 3.2827 3.4737 3.5000
 3.5000 3.4279 3.2997 3.1829 3.2247 3.4123 3.6523 3.8023 3.8048 3.6325 3.4005 3.2142 3.1894 3.3160 3.4558 3.5000
 3.5000 3.4920 3.4253 3.3644 3.4071 3.4885 3.5747 3.6021 3.6204 3.5558 3.4873 3.4179 3.4074 3.4356 3.4923 3.5000
 3.5000 3.5000 3.5000 3.5000 3.5000 3.5000 3.5000 3.5000 3.5000 3.5000 3.5000 3.5000 3.5000 3.5000 3.5000 3.5000
 3.8000 3.8000 3.8000 3.8000 3.8000 3.8000 3.8000 3.8000 3.8000 3.8000 3.8000 3.8000 3.8000 3.8000 3.8000 3.8000
 3.8000 3.7924 3.7666 3.7341 3.7591 3.7987 3.8334 3.8316 3.8473 3.8188 3.7956 3.7681 3.7630 3.7625 3.7868 3.8000
 3.8000 3.7616 3.6143 3.5033 3.5441 3.7135 3.9473 4.0649 4.0839 3.9249 3.7143 3.5318 3.5051 3.6162 3.7674 3.8000
 3.8000 3.7766 3.6003 3.4371 3.4656 3.6664 3.9781 4.1564 4.1564 3.9556 3.6556 3.4450 3.4398 3.6024 3.7806 3.8000
 3.8000 3.7463 3.6117 3.4577 3.4994 3.7007 3.9751 4.1358 4.1289 3.9623 3.6859 3.4906 3.4751 3.6463 3.8081 3.8000
 3.8000 3.7608 3.6046 3.4412 3.4780 3.6867 3.9907 4.1480 4.1487 3.9793 3.6752 3.4725 3.4553 3.6119 3.7981 3.8000
 3.8000 3.7895 3.6020 3.4384 3.4849 3.6829 3.9981 4.1490 4.1483 3.9812 3.6742 3.4772 3.4527 3.5800 3.7871 3.8000
 3.8000 3.7558 3.5995 3.4352 3.4833 3.6816 4.0009 4.1448 4.1400 3.9851 3.6688 3.4638 3.4468 3.5960 3.7978 3.8000
 3.8000 3.7515 3.6008 3.4362 3.4809 3.6810 4.0014 4.1452 4.1404 3.9897 3.6704 3.4731 3.4671 3.6169 3.8024 3.8000
 3.8000 3.7725 3.5951 3.4401 3.4857 3.6833 3.9992 4.1516 4.1438 3.9848 3.6749 3.4826 3.4539 3.5748 3.7874 3.8000
 3.8000 3.7971 3.5942 3.4390 3.4798 3.6875 3.9905 4.1513 4.1440 3.9793 3.6757 3.4709 3.4481 3.5884 3.7908 3.8000
 3.8000 3.7892 3.6080 3.4583 3.4984 3.7006 3.9770 4.1410 4.1298 3.9562 3.6906 3.4911 3.4696 3.6102 3.7923 3.8000
 3.8000 3.7756 3.5985 3.4394 3.4682 3.6676 3.9802 4.1564 4.1564 3.9466 3.6616 3.4449 3.4428 3.6066 3.7831 3.8000
 3.8000 3.7613 3.6153 3.5049 3.5468 3.7149 3.9475 4.0694 4.0858 3.9169 3.7143 3.5308 3.5029 3.6294 3.7739 3.8000
 3.8000 3.7925 3.7662 3.7333 3.7586 3.7984 3.8330 3.8315 3.8479 3.8174 3.7957 3.7682 3.7611 3.7624 3.7878 3.8000
 3.8000 3.8000 3.8000 3.8000 3.8000 3.8000 3.8000 3.8000 3.8000 3.8000 3.8000 3.8000 3.8000 3.8000 3.8000 3.8000
 4.2000 4.2000 4.2000 4.2000 4.2000 4.2000 4.2000 4.2000 4.2000 4.2000 4.2000 4.2000 4.2000 4.2000 4.2000 4.2000
 4.2000 4.2000 4.2000 4.2000 4.2000 4.2000 4.2000 4.2000 4.2000 4.2000 4.2000 4.2000 4.2000 4.2000 4.2000 4.2000
 4.2000 4.2000 3.9600 3.7890 3.8390 4.0830 4.3890 4.5940 4.5870 4.3730 4.0660 3.8310 3.7940 3.9750 4.2000 4.2000
 4.2000 4.2000 3.9600 3.7890 3.8390 4.0830 4.3890 4.5940 4.5870 4.3730 4.0660 3.8310 3.7940 3.9750 4.2000 4.2000
 4.2000 4.2000 3.9600 3.7890 3.8390 4.0830 4.3890 4.5940 4.5870 4.3730 4.0660 3.8310 3.7940 3.9750 4.2000 4.2000
 4.2000 4.2000 3.9600 3.7890 3.8390 4.0830 4.3890 4.5940 4.5870 4.3730 4.0660 3.8310 3.7940 3.9750 4.2000 4.2000
 4.2000 4.2000 3.9600 3.7890 3.8390 4.0830 4.3890 4.5940 4.5870 4.3730 4.0660 3.8310 3.7940 3.9750 4.2000 4.2000
 4.2000 4.2000 3.9600 3.7890 3.8390 4.0830 4.3890 4.5940 4.5870 4.3730 4.0660 3.8310 3.7940 3.9750 4.2000 4.2000
 4.2000 4.2000 3.9600 3.7890 3.8390 4.0830 4.3890 4.5940 4.5870 4.3730 4.0660 3.8310 3.7940 3.9750 4.2000 4.2000
 4.2000 4.2000 3.9600 3.7890 3.8390 4.0830 4.3890 4.5940 4.5870 4.3730 4.0660 3.8310 3.7940 3.9750 4.2000 4.2000
 4.2000 4.2000 3.9600 3.7890 3.8390 4.0830 4.3890 4.5940 4.5870 4.3730 4.0660 3.8310 3.7940 3.9750 4.2000 4.2000
 4.2000 4.2000 3.9600 3.7890 3.8390 4.0830 4.3890 4.5940 4.5870 4.3730 4.0660 3.8310 3.7940 3.9750 4.2000 4.2000
 4.2000 4.2000 3.9600 3.7890 3.8390 4.0830 4.3890 4.5940 4.5870 4.3730 4.0660 3.8310 3.7940 3.9750 4.2000 4.2000
 4.2000 4.2000 3.9600 3.7890 3.8390 4.0830 4.3890 4.5940 4.5870 4.3730 4.0660 3.8310 3.7940 3.9750 4.2000 4.2000
 4.2000 4.2000 4.2000 4.2000 4.2000 4.2000 4.2000 4.2000 4.2000 4.2000 4.2000 4.2000 4.2000 4.2000 4.2000 4.2000
 4.2000 4.2000 4.2000 4.2000 4.2000 4.2000 4.2000 4.2000 4.2000 4.2000 4.2000 4.2000 4.2000 4.2000 4.2000 4.2000
